0,1,2,3,4,5
95.60321,95.40211,86.55373,46.86254,63.35271,78.03298
96.9881,95.11105,85.51728,37.851494,54.32775,73.098175
51.439713,52.639763,61.84014,59.33066,70.73113,80.33153
84.63534,90.63767,80.63378,34.90663,52.3134,71.72094
41.879337,41.31816,52.261063,44.251175,62.769928,91.67041
33.46409,31.236885,36.298706,40.43991,55.22043,66.558914
91.235214,94.013405,78.08511,48.031193,64.51512,85.44415
28.09856,26.360096,37.56351,35.176563,52.947495,74.58167
29.969154,31.71571,42.020393,56.4516,72.34527,87.714966
34.59476,40.6001,52.610783,43.09294,56.30469,62.109856
32.85952,33.690784,43.873756,55.434093,68.110855,82.65796
33.207634,31.44077,44.790424,48.4479,66.11656,85.35577
85.51122,79.45233,65.314926,62.491016,74.608795,82.1365
33.281387,33.44773,46.9214,57.944824,71.751175,90.04875
45.666092,46.659126,59.32027,41.850754,65.18698,82.06851
82.64201,79.207344,69.8072,55.96966,69.527565,80.55466
41.74368,38.524105,46.20155,37.150368,62.41164,80.9861
93.960434,89.62999,72.49649,59.967037,75.970856,91.22154
19.557384,21.354038,39.545143,29.140732,53.39554,73.60788
18.02644,24.672352,37.197342,40.38051,57.250904,72.84324
99.55329,95.114395,78.92549,60.02621,83.787346,99.45403
30.46231,29.304432,40.65165,38.476006,58.854675,75.52813
47.537697,47.799675,57.754982,45.08001,63.156746,91.18879
89.83736,80.03355,67.42865,48.51192,63.1176,72.92141
26.743,30.034683,40.732666,36.234974,57.63093,72.71783
30.128567,33.273785,44.107315,62.18413,75.28921,91.0153
31.375221,33.25173,47.1379,45.944458,62.082443,82.161095
26.77974,25.960999,34.148415,42.66794,63.136482,80.33006
37.17128,36.27633,47.910667,45.127937,63.3849,77.34611
82.9205,81.708694,70.802376,16.443916,42.376713,71.21786
23.399483,22.463806,36.31179,46.50187,61.472664,85.05167
85.893326,88.62558,80.201126,56.16937,76.88898,93.5102
82.704926,81.47394,71.8312,60.672485,75.649506,88.574875
26.424423,25.031319,42.027206,41.874832,62.21417,83.94661
102.892914,99.68309,87.55709,65.7041,84.96304,97.80233
28.934082,30.250256,40.340916,55.137577,73.563995,90.67425
88.865005,90.69379,84.9462,38.03885,55.804123,71.47937
88.22593,87.00589,76.025505,57.651966,73.9192,87.54301
88.841255,86.441154,78.240814,60.530712,70.53112,80.93155
32.852936,38.54094,49.495605,71.500404,84.98307,105.20708
95.237885,93.0517,85.300674,61.174107,74.88745,87.20959
89.01761,94.38634,92.28553,36.36979,54.57678,75.58485
38.167282,44.405235,56.65011,72.696236,86.55835,89.79285
16.419003,20.666054,33.183678,37.57468,57.021706,77.13931
22.304173,19.09475,28.156647,35.60498,52.029663,69.96467
97.84155,95.68833,83.41499,58.750565,75.545654,94.49397
100.40022,99.578384,89.92169,55.086353,73.37242,87.138336
92.20935,90.69225,79.42239,49.178684,68.684204,89.70682
90.36951,88.93622,78.36573,55.156006,68.59307,81.313484
31.884064,35.43256,47.747925,36.610054,60.823315,73.55615
22.525707,21.73135,31.06504,45.487762,65.74386,85.80137
24.945496,24.741913,36.346077,40.91712,57.814415,76.13678
34.280582,38.635906,50.975994,46.525772,63.221184,82.09425
29.416637,28.907516,40.108185,51.470844,73.1085,104.41945
30.026058,29.16084,39.54344,31.923893,50.95866,67.109375
40.509426,44.346657,56.11416,50.130013,67.013824,86.45579
50.567795,49.150467,60.489063,41.271133,61.3499,88.04285
29.082901,29.082901,42.797325,45.359894,61.70448,81.80644
31.774647,32.605812,45.23958,58.28114,69.9175,89.865555
76.965965,84.24248,93.54023,17.430637,24.30289,38.855904
